[SQL]
FormVersion=0
seRecords_Value=1000

[P]
ShowCmd=3
Flags=2
PixelsPerInch=96
MinMaxPos(1536x864)=-1,-1,-1,-1
MinMaxPos=-1,-1,-1,-1
NormPos(1536x864)=104,104,1202,839
NormPos=309,480,944,681
MinMaxPos(1920x1200)=-1,-1,-1,-1
NormPos(1920x1200)=309,480,944,681
MinMaxPos(1920x1080)=-1,-1,-1,-1
NormPos(1920x1080)=309,480,944,681

[DlgFrm]
FormVersion=0
Flags=0
PixelsPerInch=96
MinMaxPos(1536x864)=-1,-1,-3,-3
MinMaxPos=-1,-1,-3,-3
NormPos(1536x864)=266,133,607,492
NormPos=266,133,607,492
cbBackup_Checked=TRUE
cbStyle_ItemIndex=0
MinMaxPos(1920x1200)=-1,-1,-3,-3
NormPos(1920x1200)=266,133,607,492
MinMaxPos(1920x1080)=-1,-1,-3,-3
NormPos(1920x1080)=266,133,607,492

